13900001001
13900001002
13900001003
13900001004
13900001005
13900001006
13900001007
13900001008
13900001009
13900001010
13900001011
13900001012
13900001013
13900001014
13900001015
13900001016
13900001017
13900001018
13900001019
13900001020
13900001021
13900001022
13900001023
13900001024
13900001025
13900001026
13900001027
13900001028
13900001029
13900001030
13900001031
13900001032
13900001033
13900001034
13900001035
13900001036
13900001037
13900001038
13900001039
13900001040
13900001041
13900001042
13900001043
13900001044
13900001045
13900001046
13900001047
13900001048
13900001049
13900001050
13900001051
13900001052
13900001053
13900001054
13900001055
13900001056
13900001057
13900001058
13900001059
13900001060
13900001061
13900001062
13900001063
13900001064
13900001065
13900001066
13900001067
13900001068
13900001069
13900001070
13900001071
13900001072
13900001073
13900001074
13900001075
13900001076
13900001077
13900001078
13900001079
13900001080
13900001081
13900001082
13900001083
13900001084
13900001085
13900001086
13900001087
13900001088
13900001089
13900001090
13900001091
13900001092
13900001093
13900001094
13900001095
13900001096
13900001097
13900001098
13900001099
13900001100
15911111111
15922222222
15933333333
15944444444
15955555555
15966666666
15977777777
15988888888
15999999999
17811111111
17822222222
17833333333
17844444444
17855555555
17866666666
17877777777
17888888888
17899999999
18211111111
18222222222
18233333333
18244444444
18255555555
18266666666
18277777777
18288888888
18299999999
18611111111
18622222222
18633333333
18644444444
18655555555
18666666666
18677777777
18688888888
18699999999
13500000001
13500000002
13500000003
13500000004
13500000005
13500000006
13500000007
13500000008
13500000009
13500000010
13500000011
13500000012
13500000013
13500000014
13500000015
13500000016
13500000017
13500000018
13500000019
13500000020
13700000001
13700000002
13700000003
13700000004
13700000005
13700000006
13700000007
13700000008
13700000009
13700000010
13700000011
13700000012
13700000013
13700000014
13700000015
13700000016
13700000017
13700000018
13700000019
13700000020
13700000021
13700000022
13700000023
13700000024
13700000025
13700000026
13700000027
13700000028
13700000029
13700000030