13800138001
13800138002
13800138003
13800138004
13800138005
13811111111
13822222222
13833333333
13844444444
13855555555
13866666666
13877777777
13888888888
13899999999
15900000001
15900000002
15900000003
15900000004
15900000005
15900000006
15900000007
15900000008
15900000009
15900000010
13512345678
13623456789
13734567890
13845678901
13956789012
15067890123
15178901234
15289012345
15390123456
15401234567
15512345678
15623456789
15734567890
15845678901
15956789012
16067890123
16178901234
16289012345
16390123456
16401234567
16512345678
16623456789
16734567890
16845678901
16956789012
17067890123